v,vw,o,c,h,l,t,n
421415.179872,714.7768,715.68,714.68,715.68,714.1801,1789133400000,7317
170787.528049,714.2104,714.69,714.3399,714.69,713.93,1789133460000,2599
161598.855384,714.4908,714.305,714.46,714.94,714.1,1789133520000,2339
197626.997466,714.9513,714.46,715.37,715.57,714.395,1789133580000,2858
130135.495566,715.3721,715.38,715.66,715.84,715.11,1789133640000,2069
142073.997083,715.7214,715.68,715.38,715.97,715.2212,1789133700000,2417
215462.130916,715.0338,715.35,714.605,715.42,714.57,1789133760000,2414
142959.081975,715.2801,714.58,715.3606,715.61,714.57,1789133820000,2453
113308.577351,715.2627,715.37,715.455,715.54,715.01,1789133880000,1744
94585.143398,715.2439,715.46,715.1,715.5,715.0,1789133940000,1369
190529.216308,714.924,715.2538,715.055,715.61,714.0903,1789134000000,3226
209034.560351,715.6713,715.03,715.72,716.18,715.02,1789134060000,2071
105101.665251,715.5338,715.69,715.47,715.72,715.35,1789134120000,1696
75283.348457,715.372,715.46,715.43,715.69,715.08,1789134180000,1351
85170.4444,715.6083,715.4,716.0,716.0,715.24,1789134240000,1432
122621.43861,715.8061,715.99,716.2,716.2,715.18,1789134300000,1940
279367.369278,716.3393,716.185,716.21,716.931,715.74,1789134360000,4846
81684.433226,716.0721,716.16,716.07,716.23,715.84,1789134420000,1577
106437.005199,715.7187,716.05,715.4655,716.21,715.41,1789134480000,1610
85460.917909,716.0098,715.48,716.06,716.2399,715.46,1789134540000,1167
91705.610598,716.0041,716.04,715.8784,716.295,715.78,1789134600000,1242
62131.380067,715.6169,715.89,715.63,715.89,715.35,1789134660000,1098
106062.261232,715.2533,715.64,715.0801,715.72,714.75,1789134720000,1870
69753.751114,715.1461,715.09,715.44,715.44,714.92,1789134780000,1330
72523.877214,715.5542,715.42,715.83,715.83,715.3,1789134840000,1308
51423.1298,715.807,715.83,715.9701,716.0,715.57,1789134900000,1056
57821.426991,716.0763,715.98,716.07,716.2,715.91,1789134960000,1022
48773.651349,715.9886,716.07,716.14,716.2,715.75,1789135020000,776
59185.183455,716.2387,716.15,716.47,716.5,716.09,1789135080000,1110
102132.299642,716.6232,716.49,716.865,717.05,716.41,1789135140000,1383
175182.733465,716.4783,716.93,716.455,716.93,716.21,1789135200000,2366
61643.974479,716.4849,716.465,715.95,716.87,715.95,1789135260000,1300
52304.261983,715.927,715.98,716.1092,716.1099,715.74,1789135320000,1014
82971.852266,715.7127,716.085,715.465,716.138,715.41,1789135380000,1428
74607.205284,715.272,715.49,715.0,715.62,714.9151,1789135440000,1215
55406.33953,715.1613,714.99,714.95,715.38,714.94,1789135500000,1003
67027.794023,714.8143,714.93,714.56,715.1,714.46,1789135560000,1311
66684.088195,714.5991,714.59,714.66,714.78,714.4,1789135620000,1172
68676.533799,714.7152,714.7,714.61,714.99,714.4901,1789135680000,1127
62998.391097,714.6441,714.55,715.0,715.05,714.42,1789135740000,1084
125046.508645,715.3946,715.04,715.41,715.76,714.9,1789135800000,2018
76379.158784,715.2037,715.43,715.31,715.48,714.8105,1789135860000,1537
85425.153079,714.893,715.35,715.085,715.3542,714.7,1789135920000,2553
66482.488409,715.0092,715.08,715.11,715.35,714.81,1789135980000,2404
88981.993166,715.1523,715.11,715.1,715.32,714.87,1789136040000,3087
60187.913359,715.167,715.11,715.15,715.36,715.04,1789136100000,2600
63708.691155,715.0967,715.12,714.8,715.33,714.755,1789136160000,2446
203943.597773,714.9575,714.77,714.76,714.86,714.57,1789136220000,2214
41338.876428,715.1545,714.75,715.59,715.63,714.58,1789136280000,2376
98687.093066,715.7613,715.6,716.12,716.17,715.5,1789136340000,2811
111469.678838,716.1647,716.16,716.43,716.54,715.98,1789136400000,3257
81571.169732,716.3833,716.435,716.45,716.55,716.21,1789136460000,2852
67074.202916,716.4379,716.45,716.62,716.67,716.205,1789136520000,2634
42869.417073,716.4502,716.61,716.37,716.61,716.3,1789136580000,2354
40573.311501,716.3358,716.37,716.27,716.52,716.1501,1789136640000,2269
35336.357648,716.3413,716.28,716.27,716.49,716.19,1789136700000,2187
58946.588532,716.4172,716.28,716.52,716.67,716.13,1789136760000,2315
48123.356297,716.6166,716.51,716.53,716.79,716.49,1789136820000,2249
63621.736012,716.7005,716.55,716.7,716.77,716.55,1789136880000,2328
60125.877823,716.7255,716.7,716.46,716.83,716.46,1789136940000,2409
70676.024297,716.3042,716.5,716.26,716.55,716.1,1789137000000,2697
67239.118205,716.0244,716.265,715.585,716.485,715.57,1789137060000,2875
57131.442731,715.6908,715.5905,715.83,715.85,715.51,1789137120000,2393
95936.439047,716.026,715.845,715.77,715.91,715.4,1789137180000,2436
69223.00669,715.6001,715.79,715.54,715.85,715.43,1789137240000,2510
167097.931827,711.1622,715.54,715.325,715.54,715.19,1789137300000,2353
89019.637189,715.1309,715.32,715.11,715.33,715.03,1789137360000,2606
76088.482421,715.2247,715.1,715.229,715.35,715.07,1789137420000,2756
202506.639846,711.5854,715.19,714.69,715.19,714.5,1789137480000,3012
93301.910305,714.8283,714.69,714.89,714.96,714.65,1789137540000,2677
96767.212834,715.2534,714.89,715.12,715.47,714.89,1789137600000,2892
28073.196331,715.0405,715.0963,714.952,715.25,714.85,1789137660000,2015
23469.427936,714.9273,714.98,714.85,715.16,714.77,1789137720000,1939
100535.069507,714.4418,714.845,714.15,714.92,714.14,1789137780000,2797
79566.824751,714.5321,714.1501,714.56,714.57,714.11,1789137840000,2489
39283.730129,714.602,714.56,714.765,714.77,714.44,1789137900000,2196
57984.163018,714.4727,714.755,714.11,714.755,714.05,1789137960000,2218
91677.723964,714.56,714.09,713.83,714.25,713.7,1789138020000,2879
423926.24276,713.0905,713.885,714.485,715.08,713.63,1789138080000,6534
92115.796347,714.6785,714.4407,715.17,715.1899,714.37,1789138140000,2945
110226.234815,714.9721,715.17,714.81,715.45,714.67,1789138200000,2582
46472.821931,714.8681,714.83,714.87,715.06,714.61,1789138260000,2273
61082.10672,714.7691,714.86,714.68,714.985,714.68,1789138320000,1902
27553.547436,714.5884,714.63,714.555,714.705,714.41,1789138380000,1981
25659.394942,714.5431,714.55,714.48,714.64,714.45,1789138440000,2113
60818.278483,714.1694,714.49,714.15,714.5,714.0,1789138500000,2686
38820.021023,714.1649,714.17,714.145,714.29,714.0,1789138560000,2394
34256.647821,714.3393,714.15,714.55,714.56,714.07,1789138620000,2148
47268.435344,714.5055,714.52,714.325,714.65,714.31,1789138680000,2321
41464.074473,714.5732,714.32,714.49,714.6495,714.171,1789138740000,2189
70951.152353,714.5396,714.4493,714.87,714.9,714.24,1789138800000,2455
86022.528803,714.7273,714.8686,714.7525,714.88,714.54,1789138860000,2359
22409.082194,714.681,714.75,714.7881,714.82,714.55,1789138920000,2029
29770.104954,714.8229,714.86,715.04,715.04,714.59,1789138980000,2124
42516.699404,714.97,715.01,715.2701,715.28,714.76,1789139040000,2297
94643.642002,715.4906,715.2777,715.6,715.665,715.22,1789139100000,2731
116852.04665,715.8254,715.595,715.895,715.98,715.5938,1789139160000,3084
71338.318681,715.7976,715.895,715.791,715.93,715.63,1789139220000,2539
31122.788236,715.7225,715.79,715.63,715.79,715.59,1789139280000,2191
40897.679785,715.6445,715.5801,715.69,715.76,715.48,1789139340000,2274
39044.25992,715.688,715.705,715.68,715.8,715.565,1789139400000,2540
25966.005053,715.4456,715.67,715.44,715.67,715.35,1789139460000,2069
66672.836418,715.3776,715.44,715.22,715.49,715.2,1789139520000,2424
55806.457334,714.8827,715.22,714.91,715.29,714.6,1789139580000,2597
22505.647272,715.0039,714.975,715.08,715.11,714.89,1789139640000,1823
33808.354595,715.5406,715.08,715.88,715.88,715.08,1789139700000,2109
100127.617252,716.0433,715.855,716.25,716.29,715.76,1789139760000,2991
131335.864545,716.1525,716.21,716.11,716.26,716.01,1789139820000,2672
26019.792035,716.1739,716.13,716.2,716.27,716.02,1789139880000,1989
47451.482394,716.1228,716.21,716.12,716.27,716.04,1789139940000,1985
30164.126849,716.1709,716.14,716.155,716.221,716.08,1789140000000,2014
45900.69378,716.2366,716.105,716.32,716.39,716.08,1789140060000,2284
23930.551167,716.3408,716.29,716.36,716.46,716.16,1789140120000,1932
23821.711503,716.2921,716.35,716.22,716.42,716.155,1789140180000,1899
35128.571091,716.469,716.23,716.68,716.73,716.215,1789140240000,2162
64394.660975,716.6572,716.69,716.645,716.735,716.6,1789140300000,2197
100361.727458,716.9066,716.68,717.09,717.1,716.665,1789140360000,3083
152035.01988,717.3074,717.08,717.43,717.44,717.08,1789140420000,3063
56733.929957,717.3334,717.45,717.27,717.45,717.2002,1789140480000,2170
60591.732951,717.2855,717.28,717.26,717.34,717.2,1789140540000,2192
31215.168489,717.2595,717.24,717.36,717.37,717.09,1789140600000,2224
88233.905019,717.3172,717.36,717.32,717.43,717.21,1789140660000,2400
73702.647482,717.5313,717.3101,717.45,717.63,717.31,1789140720000,2284
36982.416704,717.4076,717.46,717.3,717.51,717.27,1789140780000,2226
28257.233519,717.3136,717.31,717.29,717.37,717.23,1789140840000,1975
34821.829516,717.1174,717.29,717.01,717.325,716.94,1789140900000,2084
24612.476211,717.1022,717.06,717.05,717.175,717.0,1789140960000,1872
30031.142452,716.9583,717.07,716.87,717.14,716.79,1789141020000,1806
24532.697632,716.8308,716.8601,716.84,716.89,716.74,1789141080000,1851
32493.865518,717.1101,716.8201,717.05,717.2,716.82,1789141140000,1914
15136.37914,717.0029,717.05,716.98,717.125,716.8301,1789141200000,1757
18965.849647,717.033,716.97,716.97,717.08,716.89,1789141260000,1740
20780.699214,716.9957,716.9473,716.91,717.025,716.91,1789141320000,1662
29047.770398,717.1445,716.9486,717.16,717.23,716.92,1789141380000,1972
22016.156589,717.152,717.1531,717.11,717.21,717.11,1789141440000,1905
11359.173902,717.0299,717.1,716.93,717.11,716.93,1789141500000,1699
17130.247308,716.8561,716.93,716.98,716.99,716.75,1789141560000,1762
16041.690729,716.9483,716.995,716.87,717.0336,716.84,1789141620000,1661
46224.286298,716.7823,716.87,716.79,716.93,716.7,1789141680000,1926
22189.80643,716.97,716.79,716.9,717.06,716.79,1789141740000,1761
32218.502634,716.9077,716.9,717.04,717.049,716.82,1789141800000,1737
20344.385734,716.9228,717.005,716.875,717.035,716.82,1789141860000,1723
16911.714866,716.7981,716.87,716.73,716.87,716.69,1789141920000,1854
57978.631862,716.4805,716.7,716.392,716.705,716.38,1789141980000,2040
29421.135948,716.3421,716.4,716.39,716.44,716.245,1789142040000,1998
77460.196615,716.485,716.39,716.23,716.45,716.23,1789142100000,2088
33299.148604,716.3624,716.268,716.402,716.45,716.22,1789142160000,1797
26007.389599,716.6028,716.44,716.5,716.7,716.435,1789142220000,1881
54855.680519,716.5024,716.52,716.63,716.63,716.39,1789142280000,2062
20473.509564,716.5417,716.59,716.46,716.61,716.44,1789142340000,1780
27033.194337,716.6159,716.46,716.575,716.75,716.45,1789142400000,1954
31571.364148,716.8409,716.57,716.92,716.96,716.57,1789142460000,1803
21753.262314,716.9715,716.91,717.145,717.145,716.85,1789142520000,1957
25261.527545,717.0798,717.12,716.8455,717.2,716.84,1789142580000,1787
25577.27275,717.0823,716.845,717.185,717.19,716.84,1789142640000,1862
23683.933815,717.2396,717.19,717.2,717.26,717.17,1789142700000,1816
16262.49816,717.1776,717.215,717.14,717.24,717.06,1789142760000,1760
27318.08238,716.9604,717.1,716.81,717.12,716.81,1789142820000,1816
22544.691464,716.7917,716.795,716.785,716.885,716.67,1789142880000,1809
10750.019573,716.8423,716.77,716.8901,716.94,716.75,1789142940000,1716
17584.72342,716.9163,716.89,716.73,716.97,716.7,1789143000000,1836
9154.22852,716.7973,716.732,716.8,716.84,716.73,1789143060000,1722
17605.213302,716.6985,716.78,716.63,716.78,716.59,1789143120000,1797
35435.22136,716.4655,716.64,716.3414,716.64,716.3414,1789143180000,1990
15635.276546,716.393,716.34,716.375,716.43,716.32,1789143240000,680
24701.669258,716.3591,716.35,716.3,716.46,716.25,1789143300000,405
38255.761847,716.2013,716.28,716.145,716.34,716.11,1789143360000,610
33639.408439,716.2349,716.14,716.13,716.3199,716.12,1789143420000,609
23590.917362,716.1678,716.12,716.12,716.26,716.05,1789143480000,521
21937.644783,716.1827,716.14,716.15,716.29,716.08,1789143540000,390
63954.573194,716.1497,716.165,715.9505,716.25,715.95,1789143600000,780
51066.860547,716.0654,715.95,716.0024,716.12,715.95,1789143660000,610
34948.088728,715.8588,715.99,715.86,716.002,715.8,1789143720000,737
22210.793557,715.8654,715.86,715.87,715.945,715.77,1789143780000,534
25733.412328,715.8487,715.85,715.85,715.92,715.79,1789143840000,417
39539.309079,715.9363,715.875,715.8094,716.02,715.79,1789143900000,624
25837.343858,715.8364,715.815,715.79,715.95,715.76,1789143960000,447
34713.785243,715.9785,715.79,715.96,716.09,715.78,1789144020000,678
33436.340398,716.0019,715.9744,716.0399,716.1,715.9373,1789144080000,442
221918.705394,715.6275,716.0,715.25,716.04,715.18,1789144140000,3201
107067.886322,715.3726,715.2763,715.61,715.65,715.1,1789144200000,1473
29619.766275,715.5112,715.639,715.43,715.639,715.39,1789144260000,624
73129.397611,715.5929,715.46,715.67,715.74,715.23,1789144320000,1080
46775.681638,715.875,715.67,716.16,716.16,715.6667,1789144380000,603
14920.931695,716.1455,716.15,715.96,716.22,715.96,1789144440000,526
20533.552611,715.8139,715.91,715.689,715.9199,715.6701,1789144500000,498
23864.302673,715.6546,715.68,715.505,715.71,715.485,1789144560000,551
14969.665497,715.5784,715.51,715.6,715.61,715.5,1789144620000,384
21174.668927,715.5034,715.59,715.48,715.65,715.2851,1789144680000,536
15984.381873,715.3395,715.4,715.185,715.5,715.17,1789144740000,528
24498.253994,715.2889,715.185,715.57,715.57,715.04,1789144800000,703
21945.053109,715.5365,715.55,715.555,715.595,715.445,1789144860000,502
21996.90229,715.6144,715.585,715.6288,715.65,715.45,1789144920000,487
21317.426804,715.7407,715.59,715.84,715.845,715.4901,1789144980000,544
13110.903653,715.9548,715.82,716.0,716.04,715.8134,1789145040000,525
13121.566826,715.9568,715.99,715.97,715.9999,715.87,1789145100000,519
10256.537576,716.0032,715.95,715.89,716.0678,715.89,1789145160000,442
8189.11111,715.9004,715.89,715.91,715.95,715.83,1789145220000,412
20238.422807,715.8344,715.905,715.68,715.95,715.63,1789145280000,572
9465.403458,715.6665,715.65,715.605,715.68,715.57,1789145340000,462
11271.258109,715.7674,715.555,715.7891,715.91,715.555,1789145400000,482
9587.976742,715.8026,715.78,715.74,715.79,715.66,1789145460000,451
18252.3754,715.9009,715.755,715.79,715.85,715.695,1789145520000,403
12827.079056,715.8429,715.8,715.86,715.92,715.77,1789145580000,480
14232.904504,715.937,715.87,715.92,715.93,715.85,1789145640000,385
27083.893831,716.0498,715.91,715.9375,716.11,715.91,1789145700000,686
22469.887978,716.0205,715.95,715.925,716.09,715.915,1789145760000,578
10167.905408,715.9788,715.93,715.912,716.01,715.85,1789145820000,470
112635.417857,709.1858,715.93,716.09,716.13,715.915,1789145880000,454
12905.78001,716.1471,716.1,716.085,716.13,716.05,1789145940000,496
31017.609761,716.254,716.12,716.13,716.35,716.11,1789146000000,638
33322.295618,716.1628,716.17,716.11,716.26,716.09,1789146060000,566
32163.307566,716.159,716.17,716.25,716.28,716.08,1789146120000,566
31791.301051,716.2888,716.23,716.34,716.37,716.16,1789146180000,455
22087.364785,716.295,716.365,716.2,716.41,716.18,1789146240000,526
13248.407291,716.3097,716.2006,716.271,716.34,716.2006,1789146300000,320
13078.190815,716.3486,716.3,716.31,716.4062,716.26,1789146360000,343
99787.656392,716.5419,716.31,716.434,716.79,716.3,1789146420000,1446
9115.611334,716.5199,716.41,716.435,716.54,716.41,1789146480000,320
8877.529516,716.4552,716.39,716.49,716.51,716.34,1789146540000,308
30388.397352,716.4835,716.495,716.37,716.65,716.29,1789146600000,721
25725.349858,716.3351,716.355,716.31,716.44,716.25,1789146660000,597
27806.349768,716.4302,716.31,716.425,716.52,716.29,1789146720000,596
24737.80489,716.2947,716.36,716.23,716.4,716.17,1789146780000,553
14660.441309,716.1726,716.21,716.1101,716.25,716.09,1789146840000,340
11985.932471,716.2681,716.14,716.3199,716.3199,716.14,1789146900000,328
25086.443432,716.4606,716.33,716.53,716.53,716.26,1789146960000,427
32283.587131,716.5254,716.5321,716.665,716.68,716.495,1789147020000,533
29995.731435,716.6418,716.65,716.5619,716.66,716.5619,1789147080000,480
18479.063444,716.6234,716.56,716.625,716.74,716.52,1789147140000,399
34458.211379,716.7198,716.63,716.67,716.77,716.61,1789147200000,688
26414.008823,716.732,716.69,716.65,716.815,716.6201,1789147260000,546
13858.955835,716.7785,716.6501,716.77,716.77,716.65,1789147320000,393
160737.876132,716.4189,716.76,716.94,716.95,716.755,1789147380000,642
24979.96211,716.9647,716.92,717.03,717.045,716.88,1789147440000,621
29410.803974,717.0751,717.03,716.98,717.14,716.9641,1789147500000,708
25633.117783,716.9881,716.98,717.04,717.1,716.9132,1789147560000,500
12229.557659,717.0615,717.045,716.94,717.0669,716.94,1789147620000,426
34315.38809,716.8544,716.92,716.81,716.95,716.7701,1789147680000,519
67405.041662,716.5695,716.815,716.765,716.84,716.765,1789147740000,275
13355.952945,716.8768,716.77,716.865,716.92,716.71,1789147800000,446
8177.694272,717.0195,716.88,717.03,717.03,716.86,1789147860000,413
9145.299773,716.9917,717.07,716.8052,717.09,716.7821,1789147920000,449
8688.368653,716.8579,716.81,716.79,716.92,716.76,1789147980000,447
30232.876135,716.8076,716.8266,716.76,716.92,716.72,1789148040000,326
16916.173299,716.8189,716.76,716.76,716.885,716.73,1789148100000,397
23411.502087,716.8459,716.78,716.84,716.86,716.77,1789148160000,424
30881.993204,716.7822,716.84,716.84,716.9,716.82,1789148220000,460
22027.847062,716.7571,716.86,716.78,716.86,716.65,1789148280000,511
8888.058319,716.7427,716.78,716.7,716.8,716.65,1789148340000,298
15669.61721,716.8309,716.6801,716.86,716.89,716.66,1789148400000,347
18888.863059,716.722,716.8399,716.73,716.8399,716.6401,1789148460000,391
15017.910196,716.7895,716.71,716.745,716.8301,716.66,1789148520000,348
14539.92138,716.8957,716.77,716.8726,716.95,716.75,1789148580000,385
117556.807997,709.5685,716.86,716.76,716.8698,716.725,1789148640000,317
18062.784718,716.7912,716.76,716.76,716.8,716.7,1789148700000,538
153179.888034,711.2384,716.76,716.77,716.8,716.69,1789148760000,655
16503.810014,716.7851,716.76,716.76,716.78,716.67,1789148820000,359
65476.406956,716.8063,716.75,716.62,716.76,716.56,1789148880000,421
20305.148327,716.7516,716.62,716.82,716.89,716.62,1789148940000,619
122454.654754,709.861,716.84,716.79,716.88,716.79,1789149000000,372
27531.479035,716.8253,716.78,716.83,716.85,716.76,1789149060000,7751
13832.760691,716.8462,716.81,716.865,716.87,716.76,1789149120000,297
12322.531546,716.8663,716.87,716.86,716.88,716.7808,1789149180000,303
6734.36554,716.859,716.835,716.79,716.86,716.7515,1789149240000,250
14905.858405,716.8277,716.79,716.7824,716.82,716.73,1789149300000,405
12215.048805,716.7068,716.77,716.69,716.77,716.66,1789149360000,276
15633.74615,716.6727,716.67,716.56,716.69,716.56,1789149420000,330
47455.587895,716.5242,716.555,716.49,716.575,716.47,1789149480000,666
19309.535497,716.5088,716.5,716.51,716.531,716.43,1789149540000,369
18787.882594,716.5934,716.53,716.51,716.66,716.46,1789149600000,428
17308.329996,716.5268,716.54,716.57,716.5827,716.46,1789149660000,354
25861.687366,716.6669,716.59,716.58,716.71,716.56,1789149720000,459
16075.968259,716.6797,716.6,716.66,716.68,716.55,1789149780000,312
11754.689658,716.6393,716.66,716.57,716.68,716.56,1789149840000,316
169763.094042,716.4834,716.55,716.4,716.555,716.39,1789149900000,545
14777.284974,716.4586,716.41,716.45,716.495,716.4,1789149960000,289
18794.181538,716.4471,716.46,716.45,716.49,716.4,1789150020000,401
30665.995321,716.4013,716.44,716.32,716.45,716.31,1789150080000,473
11939.495627,716.3935,716.32,716.36,716.42,716.32,1789150140000,313
125724.369006,709.9491,716.385,716.3201,716.39,716.26,1789150200000,395
28186.188113,716.2634,716.34,716.26,716.35,716.22,1789150260000,430
14065.346847,716.2947,716.255,716.2501,716.31,716.23,1789150320000,379
26795.483677,716.2248,716.25,716.215,716.25,716.17,1789150380000,491
37408.611666,716.5891,716.25,716.2401,716.27,716.18,1789150440000,319
41570.240313,716.1601,716.27,716.14,716.28,716.09,1789150500000,531
19518.057813,716.188,716.1412,716.19,716.265,716.12,1789150560000,322
23171.220658,716.2383,716.2097,716.26,716.3,716.18,1789150620000,386
18434.023821,716.2876,716.26,716.315,716.36,716.21,1789150680000,474
43846.405707,716.3069,716.3299,716.25,716.37,716.19,1789150740000,839
296070.299122,713.3918,716.259,715.88,716.27,715.65,1789150800000,2762
155448.253019,711.0015,715.9,715.8801,715.94,715.725,1789150860000,810
39382.283673,715.8499,715.875,715.96,716.03,715.86,1789150920000,418
21195.107138,715.9208,715.95,715.88,716.02,715.84,1789150980000,556
13638.016231,715.9066,715.86,716.0,716.0,715.84,1789151040000,371
28757.087405,716.0447,716.01,716.0,716.13,715.97,1789151100000,557
26913.995901,716.0868,715.9915,715.95,716.15,715.95,1789151160000,388
30301.121372,715.9891,715.95,716.05,716.095,715.91,1789151220000,547
42375.984734,716.1879,716.055,716.34,716.36,716.055,1789151280000,624
13296.00345,716.3084,716.33,716.285,716.36,716.26,1789151340000,407
26279.657348,716.3535,716.28,716.205,716.46,716.2,1789151400000,530
28309.361868,716.2077,716.2,716.095,716.27,716.095,1789151460000,466
15580.119207,716.145,716.09,716.215,716.28,716.04,1789151520000,372
6853.661594,716.4027,716.2395,716.4,716.41,716.22,1789151580000,247
110011.56282,716.3808,716.42,716.57,716.65,716.4,1789151640000,847
15513.568026,716.5407,716.62,716.54,716.62,716.47,1789151700000,334
23904.272539,716.5789,716.5395,716.67,716.68,716.51,1789151760000,536
18904.771231,716.5618,716.64,716.4,716.65,716.39,1789151820000,350
13683.080307,716.3596,716.38,716.35,716.4099,716.3,1789151880000,363
12091.252828,716.3766,716.35,716.38,716.39,716.33,1789151940000,354
17518.922722,716.4521,716.4,716.44,716.445,716.37,1789152000000,441
14236.348004,716.4592,716.44,716.44,716.48,716.38,1789152060000,319
15443.513444,716.3882,716.42,716.263,716.43,716.25,1789152120000,375
32422.967247,716.2182,716.25,716.16,716.25,716.145,1789152180000,626
16504.557586,716.1732,716.16,716.18,716.22,716.11,1789152240000,349
26079.559567,716.1589,716.19,716.05,716.21,716.0401,1789152300000,475
28340.39452,716.0836,716.04,716.07,716.13,716.0,1789152360000,440
23438.32127,716.1838,716.08,716.24,716.34,716.0578,1789152420000,583
37700.201272,716.0766,716.23,716.03,716.28,715.97,1789152480000,598
20793.403068,716.0463,716.0,716.03,716.08,716.0,1789152540000,446
16839.825897,716.0557,716.0,716.03,716.08,715.97,1789152600000,549
13858.199753,716.0672,716.0516,716.02,716.09,716.02,1789152660000,340
49016.243188,716.007,716.05,715.98,716.08,715.95,1789152720000,736
14862.008362,715.9924,715.97,716.0,716.02,715.97,1789152780000,320
16953.011527,715.96,716.0,715.94,716.025,715.91,1789152840000,361
25691.094678,716.0007,715.93,716.04,716.1,715.91,1789152900000,415
44446.785097,716.1282,716.04,716.155,716.19,716.02,1789152960000,715
26707.60196,716.0696,716.16,715.961,716.18,715.96,1789153020000,499
36634.183432,715.9669,715.961,716.06,716.07,715.915,1789153080000,571
61703.592225,715.9386,716.06,715.9401,716.07,715.88,1789153140000,731
33791.718205,715.9968,715.98,716.01,716.06,715.92,1789153200000,593
23723.373773,716.0126,716.011,715.94,716.05,715.94,1789153260000,486
36141.344724,715.8786,715.93,715.89,715.93,715.82,1789153320000,573
36193.311812,715.8339,715.86,715.84,715.91,715.79,1789153380000,623
28717.523916,715.8854,715.8594,715.89,715.965,715.795,1789153440000,620
16387.574687,715.914,715.89,715.915,715.96,715.84,1789153500000,507
24438.371758,715.8979,715.93,715.78,716.0,715.78,1789153560000,497
42370.101606,715.7326,715.78,715.7001,715.785,715.64,1789153620000,616
17269.126861,715.6955,715.69,715.6797,715.76,715.62,1789153680000,502
39335.854956,715.6584,715.68,715.61,715.7401,715.5601,1789153740000,564
37738.256588,715.5401,715.6,715.47,715.62,715.45,1789153800000,661
23370.864178,715.4926,715.4504,715.55,715.55,715.3923,1789153860000,543
12930.239571,715.5568,715.56,715.5999,715.605,715.505,1789153920000,375
12112.61475,715.6286,715.6,715.57,715.67,715.5262,1789153980000,376
25033.134821,715.5855,715.57,715.59,715.6937,715.51,1789154040000,558
16666.272203,715.6863,715.6,715.63,715.74,715.6,1789154100000,422
12040.374299,715.6309,715.6091,715.58,715.67,715.57,1789154160000,308
17566.132117,715.7236,715.5999,715.74,715.78,715.5999,1789154220000,450
28507.422725,715.7772,715.73,715.84,715.85,715.705,1789154280000,529
24232.837887,715.7966,715.81,715.69,715.86,715.69,1789154340000,476
8735.406305,715.7436,715.705,715.73,715.7832,715.67,1789154400000,224
13138.066603,715.7053,715.72,715.691,715.75,715.63,1789154460000,304
16839.126598,715.7149,715.72,715.6478,715.76,715.64,1789154520000,401
27001.424482,715.6337,715.65,715.7,715.7,715.57,1789154580000,531
44523.11289,715.7754,715.705,715.82,715.84,715.705,1789154640000,614
6309.065031,715.7744,715.81,715.75,715.825,715.74,1789154700000,235
15580.732645,715.8569,715.77,715.85,715.88,715.75,1789154760000,333
24950.633339,715.7758,715.86,715.74,715.865,715.7,1789154820000,479
29116.35464,715.717,715.74,715.6,715.795,715.6,1789154880000,612
28216.008505,715.6051,715.615,715.605,715.63,715.54,1789154940000,508
17485.528537,715.623,715.62,715.61,715.69,715.54,1789155000000,532
36564.919362,715.628,715.595,715.64,715.665,715.55,1789155060000,648
43100.428224,715.6489,715.65,715.62,715.67,715.57,1789155120000,745
30974.239904,715.6321,715.615,715.63,715.66,715.55,1789155180000,532
23465.675699,715.6964,715.62,715.71,715.7199,715.61,1789155240000,483
74968.033302,715.6338,715.71,715.64,715.74,715.57,1789155300000,884
44033.841153,715.6558,715.64,715.67,715.68,715.56,1789155360000,760
65130.194479,715.6732,715.66,715.69,715.71,715.6401,1789155420000,828
51763.299278,715.6473,715.68,715.625,715.71,715.595,1789155480000,638
30252.851546,715.662,715.63,715.67,715.69,715.6,1789155540000,627
87579.376024,715.7188,715.67,715.74,715.78,715.66,1789155600000,993
47724.124392,715.7476,715.74,715.74,715.79,715.7,1789155660000,742
41997.519721,715.7775,715.745,715.875,715.88,715.71,1789155720000,669
61593.530434,715.813,715.88,715.73,715.89,715.73,1789155780000,1008
67649.903815,715.7747,715.73,715.8,715.805,715.715,1789155840000,1103
70283.126236,715.8477,715.79,715.885,715.905,715.77,1789155900000,1045
76019.69986,715.8011,715.885,715.62,715.905,715.62,1789155960000,1327
815580.359313,715.8387,715.62,715.655,715.71,715.54,1789156020000,1171
672688.495886,715.677,715.65,715.55,715.74,715.5334,1789156080000,1110
47969.917457,715.583,715.54,715.59,715.64,715.52,1789156140000,901
159641.521314,715.2677,715.58,715.32,715.58,714.78,1789156200000,2873
74925.935393,715.2269,715.31,715.14,715.34,715.11,1789156260000,1552
74274.971878,715.258,715.15,715.21,715.34,715.14,1789156320000,1555
73647.437024,715.3892,715.22,715.275,715.58,715.16,1789156380000,1619
112061.679821,715.5384,715.28,715.475,715.67,715.28,1789156440000,2047
127210.683797,715.256,715.45,715.35,715.45,715.14,1789156500000,2323
92083.623276,715.2891,715.34,715.32,715.35,715.22,1789156560000,1804
98749.840725,715.3752,715.32,715.33,715.44,715.3,1789156620000,1681
267353.792711,715.1928,715.33,715.1,715.34,715.08,1789156680000,3851
514619.427018,714.961,715.09,714.85,715.24,714.73,1789156740000,6377
