v,vw,o,c,h,l,t,n
459053.942373,764.5389,764.72,764.565,764.73,764.34,1789133400000,7814
176216.533009,764.455,764.58,764.53,764.81,764.225,1789133460000,2500
213412.529599,764.8106,764.53,764.77,765.1399,764.48,1789133520000,2641
145572.431137,765.05,764.77,765.4799,765.49,764.73,1789133580000,2493
207533.965873,765.5425,765.44,765.77,765.86,765.31,1789133640000,2779
163537.348296,765.8432,765.76,765.9195,765.97,765.68,1789133700000,2538
174128.321653,765.7689,765.91,765.5138,765.99,765.501,1789133760000,2702
175604.06168,765.7394,765.58,765.83,765.9,765.58,1789133820000,2524
161351.397793,765.6827,765.81,765.75,765.83,765.48,1789133880000,2132
94802.716807,765.4944,765.77,765.56,765.79,765.38,1789133940000,1594
339107.621822,765.1927,765.56,765.21,765.81,764.67,1789134000000,4553
126824.161407,765.5605,765.2101,765.45,765.75,765.2101,1789134060000,1724
93487.697332,765.2449,765.4,765.34,765.41,765.06,1789134120000,1694
125113.029751,765.2316,765.335,765.3,765.42,765.05,1789134180000,1770
144877.289648,765.1962,765.31,765.46,765.46,764.9599,1789134240000,1989
124164.745619,765.2147,765.48,765.27,765.54,764.99,1789134300000,1892
307774.514548,765.5915,765.28,765.38,765.93,765.06,1789134360000,4362
65251.01467,765.2349,765.39,765.16,765.41,765.002,1789134420000,1356
111547.634538,765.0521,765.15,764.87,765.285,764.87,1789134480000,1569
153511.330919,765.001,764.88,764.97,765.229,764.8,1789134540000,2330
115102.09638,765.1102,764.99,765.15,765.2899,764.955,1789134600000,1743
84803.128389,765.0156,765.155,765.06,765.161,764.83,1789134660000,1391
84990.120703,765.0362,765.07,764.895,765.2,764.7,1789134720000,1486
68618.659989,764.9877,764.89,765.1,765.16,764.82,1789134780000,1256
89899.583976,765.0152,765.12,765.13,765.13,764.89,1789134840000,1502
61352.195928,765.2136,765.13,765.4399,765.45,765.025,1789134900000,1284
84422.086514,765.5801,765.43,765.7314,765.75,765.41,1789134960000,1406
76120.588105,765.4738,765.695,765.7706,765.87,765.53,1789135020000,1097
58764.605521,765.7413,765.775,765.9,765.91,765.66,1789135080000,1173
165303.255804,766.1307,765.9,766.31,766.38,765.88,1789135140000,2429
129202.055075,766.0161,766.31,765.88,766.33,765.86,1789135200000,2177
116346.412548,765.8684,765.86,765.66,766.09,765.66,1789135260000,1865
110413.900792,765.6739,765.64,765.74,765.7887,765.5301,1789135320000,1496
120156.379523,765.6789,765.79,765.61,765.84,765.46,1789135380000,2030
66668.079675,765.5186,765.65,765.45,765.68,765.38,1789135440000,1234
90984.883352,765.4705,765.45,765.14,765.6,765.13,1789135500000,1634
88373.023821,765.1212,765.14,765.055,765.33,764.94,1789135560000,1610
86477.691449,765.127,765.07,765.14,765.245,764.94,1789135620000,1360
58084.384493,765.2455,765.15,765.22,765.445,765.04,1789135680000,1208
49021.882718,765.2544,765.23,765.41,765.41,765.07,1789135740000,1032
66856.609543,765.5479,765.4,765.51,765.69,765.29,1789135800000,1388
79908.439974,765.1985,765.5,765.24,765.5,764.995,1789135860000,1534
83574.472352,764.9195,765.25,765.01,765.25,764.78,1789135920000,1795
113413.031746,765.1323,765.025,765.24,765.43,764.97,1789135980000,1639
61737.956547,765.0429,765.25,764.9,765.315,764.82,1789136040000,1639
101433.310236,764.9557,764.9,765.01,765.1399,764.84,1789136100000,1752
124995.684645,765.0026,764.99,764.79,765.1478,764.75,1789136160000,1397
115045.870814,764.7565,764.79,764.83,764.9,764.63,1789136220000,2176
75567.781686,765.1233,764.84,765.48,765.49,764.805,1789136280000,1666
71783.578515,765.5583,765.45,765.72,765.75,765.37,1789136340000,1549
91855.080323,765.7064,765.72,765.86,765.904,765.58,1789136400000,1722
59880.5853,765.7807,765.87,765.86,765.95,765.69,1789136460000,1454
70666.552038,765.9286,765.84,766.011,766.02,765.77,1789136520000,1665
78161.036068,765.8748,766.025,765.8231,766.025,765.75,1789136580000,1742
43049.918161,765.818,765.82,765.76,765.92,765.682,1789136640000,1294
81089.084238,765.719,765.76,765.67,765.84,765.61,1789136700000,1656
49808.228984,765.7318,765.675,765.8,765.94,765.57,1789136760000,1362
46592.159186,765.9302,765.795,765.89,766.03,765.78,1789136820000,1369
69834.915245,766.0157,765.895,766.031,766.1,765.88,1789136880000,1305
39376.154003,765.9401,766.05,765.73,766.08,765.7299,1789136940000,1342
87488.919548,765.5171,765.75,765.435,765.78,765.3,1789137000000,1697
59670.105774,765.3744,765.47,765.07,765.625,765.07,1789137060000,1509
106780.690839,765.0826,765.07,765.22,765.27,764.99,1789137120000,1585
100642.882667,765.0547,765.22,765.05,765.26,764.79,1789137180000,1760
74880.871082,764.8803,765.05,764.73,765.13,764.69,1789137240000,1800
137326.204193,764.6395,764.73,764.61,764.73,764.51,1789137300000,2095
142021.242697,764.5119,764.59,764.45,764.63,764.44,1789137360000,1957
74686.269782,764.5597,764.4599,764.615,764.7,764.41,1789137420000,1469
117981.188857,764.2984,764.59,764.22,764.62,764.04,1789137480000,2159
74923.381761,764.2752,764.215,764.3,764.4,764.18,1789137540000,1400
140449.539865,764.5576,764.3,764.4892,764.74,764.3,1789137600000,2411
50555.255723,764.4361,764.46,764.42,764.54,764.31,1789137660000,1257
30956.855827,764.3688,764.4,764.31,764.49,764.2344,1789137720000,1183
129745.66397,764.0654,764.33,763.9202,764.43,763.91,1789137780000,2082
56128.800022,764.0141,763.93,764.05,764.09,763.88,1789137840000,1289
88094.293138,763.9953,764.04,764.17,764.17,763.8822,1789137900000,1641
86314.293145,763.9877,764.165,763.875,764.21,763.8,1789137960000,1755
65957.224186,763.8212,763.87,763.7001,764.03,763.6,1789138020000,1469
413326.041683,762.3164,763.71,764.25,764.8295,763.685,1789138080000,4428
100934.854102,764.3402,764.27,764.69,764.73,764.18,1789138140000,1937
70668.125389,764.4986,764.715,764.39,764.85,764.34,1789138200000,1704
50280.650759,764.422,764.4101,764.445,764.57,764.26,1789138260000,1352
60973.709723,764.4296,764.47,764.32,764.55,764.28,1789138320000,1449
59515.3333,764.2046,764.28,764.16,764.34,764.1,1789138380000,1333
38694.492594,764.1095,764.17,764.07,764.17,764.0,1789138440000,1190
565373.607137,764.1133,764.075,763.8,764.08,763.7,1789138500000,1390
50081.298346,763.8243,763.81,763.83,763.92,763.72,1789138560000,1283
69425.288727,763.9653,763.82,764.05,764.11,763.75,1789138620000,1246
43138.187693,764.0763,764.07,763.92,764.21,763.91,1789138680000,1219
45453.551874,763.9282,763.925,763.97,764.05,763.76,1789138740000,1207
52362.121001,763.9906,763.9538,764.265,764.31,763.81,1789138800000,1325
39253.535782,764.1835,764.27,764.295,764.295,764.05,1789138860000,1358
38839.373143,764.1974,764.31,764.32,764.33,764.09,1789138920000,1122
36860.550494,764.3868,764.35,764.5899,764.5899,764.22,1789138980000,1125
27309.365377,764.4577,764.57,764.668,764.668,764.2707,1789139040000,1095
68533.554458,764.8575,764.65,764.9301,764.98,764.6034,1789139100000,1488
63964.163827,765.082,764.93,765.13,765.25,764.93,1789139160000,1638
42427.396832,765.1469,765.145,765.205,765.22,765.07,1789139220000,1195
40160.958467,765.0195,765.19,764.87,765.19,764.87,1789139280000,1336
46074.380802,764.8895,764.85,764.9,764.98,764.81,1789139340000,1296
51608.571751,764.8551,764.91,764.91,764.96,764.75,1789139400000,1391
42256.095629,764.677,764.89,764.68,764.9,764.56,1789139460000,1251
30773.549363,764.6777,764.665,764.555,764.76,764.555,1789139520000,1121
82403.701596,764.3365,764.565,764.395,764.5899,764.12,1789139580000,1645
45521.78113,764.502,764.4,764.61,764.62,764.37,1789139640000,1314
60658.055121,764.9983,764.61,765.19,765.2,764.61,1789139700000,1585
62430.615524,765.2477,765.19,765.41,765.45,765.1,1789139760000,1486
53206.886601,765.3474,765.41,765.36,765.41,765.2705,1789139820000,1116
51890.912766,765.4156,765.36,765.48,765.51,765.29,1789139880000,1181
44887.3233,765.45,765.49,765.4,765.55,765.33,1789139940000,1074
36813.986212,765.4642,765.39,765.48,765.49,765.38,1789140000000,1053
37148.054951,765.4873,765.47,765.54,765.59,765.34,1789140060000,1205
30972.032569,765.5402,765.53,765.555,765.64,765.44,1789140120000,1014
23102.66748,765.5657,765.53,765.54,765.6517,765.42,1789140180000,1001
61226.174893,765.7372,765.57,765.835,765.89,765.57,1789140240000,1355
67559.327947,765.7637,765.87,765.7,765.87,765.685,1789140300000,1499
42875.885851,765.8828,765.7221,765.975,765.99,765.7201,1789140360000,1063
78253.372637,766.1459,765.97,766.2309,766.24,765.95,1789140420000,1683
46279.11765,766.1009,766.23,766.0001,766.23,765.97,1789140480000,1324
52777.547125,765.9958,766.02,766.0,766.05,765.93,1789140540000,1174
37902.737438,765.9234,765.98,765.935,766.055,765.81,1789140600000,1202
39673.92543,765.8933,765.94,765.85,765.95,765.76,1789140660000,1090
39533.589561,766.0539,765.87,766.07,766.19,765.85,1789140720000,1174
27658.320239,766.0139,766.07,765.99,766.07,765.98,1789140780000,927
24108.915586,765.9749,765.99,765.9,766.0,765.8801,1789140840000,863
27904.435583,765.7945,765.89,765.77,765.95,765.642,1789140900000,966
26334.846099,765.8255,765.78,765.83,765.87,765.74,1789140960000,924
584532.760108,765.7541,765.83,765.67,765.905,765.6275,1789141020000,976
23416.242849,765.6912,765.665,765.75,765.78,765.62,1789141080000,896
24652.048335,765.9237,765.745,765.95,766.05,765.72,1789141140000,880
31739.564418,765.9488,765.9401,766.0,766.02,765.86,1789141200000,1050
34004.385209,766.0646,765.99,766.06,766.11,765.99,1789141260000,1044
45905.562816,766.0721,766.05,766.07,766.13,765.98,1789141320000,1137
61538.947515,766.1785,766.08,766.1,766.27,766.08,1789141380000,1321
31378.711664,766.1565,766.12,766.12,766.19,766.11,1789141440000,1120
50535.03799,766.0611,766.12,766.02,766.14,765.96,1789141500000,1388
25719.08577,765.9158,766.01,765.95,766.02,765.87,1789141560000,950
29448.848465,765.9193,765.97,765.851,765.9899,765.84,1789141620000,936
52197.692191,765.8519,765.85,765.79,765.925,765.76,1789141680000,1265
41120.130518,765.9095,765.8,765.88,766.04,765.8,1789141740000,1041
42959.05113,765.8843,765.8799,765.94,765.96,765.815,1789141800000,1064
185801.028483,760.4574,765.95,765.825,765.9586,765.78,1789141860000,1186
62055.767488,765.7885,765.81,765.7459,765.84,765.72,1789141920000,1161
57997.497676,765.616,765.73,765.5,765.73,765.48,1789141980000,1210
42121.516724,765.498,765.5,765.521,765.56,765.425,1789142040000,1026
41542.165335,765.5189,765.54,765.41,765.59,765.4,1789142100000,1058
30481.735101,765.5234,765.4,765.49,765.58,765.382,1789142160000,796
46235.347582,765.7032,765.55,765.625,765.8,765.55,1789142220000,1111
93745.184675,765.7159,765.67,765.8,765.805,765.6,1789142280000,1481
22951.933585,765.7727,765.78,765.71,765.8,765.7,1789142340000,857
52174.238718,765.8347,765.72,765.81,765.93,765.72,1789142400000,1138
37281.065905,765.9515,765.81,765.99,766.03,765.81,1789142460000,1029
1381661.912728,765.8111,765.97,766.1605,766.17,765.93,1789142520000,994
23909.331951,766.096,766.17,765.935,766.18,765.91,1789142580000,882
23694.53886,766.0921,765.915,766.1401,766.2,765.91,1789142640000,877
47775.712715,766.1558,766.14,766.11,766.18,766.09,1789142700000,992
28629.171881,766.0754,766.115,766.0,766.1501,765.99,1789142760000,829
90097.083649,765.8651,766.02,765.8499,766.04,765.8,1789142820000,1395
107242.710423,765.7988,765.82,765.825,765.865,765.74,1789142880000,1383
35176.607631,765.8506,765.825,765.9,765.91,765.8,1789142940000,848
41374.520418,765.9396,765.91,765.8483,765.99,765.8483,1789143000000,983
20789.882155,765.9008,765.86,765.84,765.9,765.84,1789143060000,765
17519.030556,765.8092,765.85,765.74,765.87,765.73,1789143120000,767
35561.313334,765.6128,765.76,765.53,765.76,765.53,1789143180000,1027
26878.959146,765.6114,765.55,765.58,765.62,765.53,1789143240000,660
29637.325842,765.5826,765.585,765.515,765.65,765.5,1789143300000,745
36861.48394,765.4583,765.52,765.4,765.54,765.4,1789143360000,640
32111.368299,765.5251,765.4,765.47,765.565,765.4,1789143420000,664
29161.620647,765.5061,765.45,765.49,765.5595,765.44,1789143480000,682
33197.749743,765.5086,765.485,765.49,765.57,765.42,1789143540000,689
32750.946079,765.5583,765.52,765.42,765.6,765.4,1789143600000,768
26318.024666,765.4773,765.38,765.395,765.55,765.38,1789143660000,707
71100.347605,765.339,765.39,765.37,765.3999,765.26,1789143720000,867
46321.701265,765.3493,765.34,765.36,765.42,765.29,1789143780000,656
34391.188485,765.3435,765.36,765.36,765.38,765.28,1789143840000,583
35862.009891,765.4182,765.36,765.36,765.48,765.36,1789143900000,656
24050.748946,765.3579,765.34,765.32,765.42,765.26,1789143960000,532
38771.636629,765.46,765.32,765.435,765.6,765.3005,1789144020000,735
27219.084565,765.4436,765.43,765.51,765.535,765.42,1789144080000,529
203142.136571,765.1978,765.481,764.92,765.52,764.87,1789144140000,2670
69721.065762,765.0867,764.94,765.25,765.28,764.81,1789144200000,1245
72297.064527,765.1092,765.2514,765.07,765.2514,765.0101,1789144260000,974
71276.121554,765.0611,765.065,765.32,765.33,764.92,1789144320000,1004
46763.507626,765.4807,765.32,765.705,765.705,765.32,1789144380000,872
40141.101915,765.6896,765.71,765.5801,765.76,765.58,1789144440000,724
30901.722386,765.5159,765.58,765.39,765.59,765.39,1789144500000,729
35118.180811,765.3066,765.3986,765.2175,765.42,765.2,1789144560000,788
37115.45325,765.2168,765.2,765.265,765.27,765.16,1789144620000,710
189536.055905,760.3217,765.26,765.19,765.28,765.09,1789144680000,990
65822.166973,765.0789,765.185,764.95,765.185,764.91,1789144740000,1159
74174.496563,765.0165,764.94,765.19,765.1999,764.85,1789144800000,1433
50881.51256,765.158,765.19,765.205,765.21,765.08,1789144860000,841
28402.095737,765.1403,765.21,765.08,765.2399,764.99,1789144920000,651
34275.844223,765.2319,765.07,765.27,765.29,765.02,1789144980000,839
42642.642304,765.3888,765.27,765.45,765.48,765.25,1789145040000,981
23867.813727,765.4203,765.44,765.47,765.47,765.35,1789145100000,638
29955.063109,765.5364,765.46,765.52,765.605,765.45,1789145160000,835
26464.159878,765.5165,765.52,765.56,765.585,765.42,1789145220000,647
23331.987369,765.4793,765.55,765.39,765.55,765.3401,1789145280000,672
54198.234269,765.3536,765.38,765.31,765.405,765.3,1789145340000,631
31271.630863,765.4692,765.325,765.45,765.55,765.31,1789145400000,602
27180.024524,765.3387,765.4772,765.34,765.4772,765.28,1789145460000,610
26309.3979,765.369,765.33,765.33,765.39,765.2705,1789145520000,506
147824.190363,758.981,765.355,765.37,765.44,765.3,1789145580000,481
268431.968698,758.3381,765.38,765.42,765.44,765.36,1789145640000,497
19630.314797,765.4979,765.41,765.396,765.58,765.396,1789145700000,470
141338.963538,758.7043,765.41,765.43,765.54,765.4,1789145760000,490
148015.484368,759.0043,765.44,765.45,765.53,765.38,1789145820000,509
160281.237313,759.5203,765.46,765.64,765.67,765.45,1789145880000,517
31602.756761,765.6385,765.63,765.62,765.67,765.59,1789145940000,555
55176.57624,765.7833,765.64,765.6801,765.85,765.64,1789146000000,812
53809.829637,765.7139,765.7,765.59,765.75,765.58,1789146060000,999
272038.9718,758.4479,765.59,765.68,765.7,765.55,1789146120000,531
945081.690198,758.0897,765.68,765.77,765.82,765.62,1789146180000,787
35695.916535,765.7089,765.775,765.63,765.81,765.59,1789146240000,748
18419.815065,765.6966,765.64,765.63,765.705,765.61,1789146300000,427
27904.304309,765.6611,765.66,765.63,765.71,765.6,1789146360000,505
71813.479602,765.8377,765.65,765.64,766.08,765.61,1789146420000,1465
21129.080928,765.7361,765.67,765.73,765.81,765.66,1789146480000,540
20422.173922,765.7076,765.7199,765.74,765.75,765.66,1789146540000,461
42939.649376,765.7356,765.735,765.66,765.87,765.6,1789146600000,891
34039.723648,765.6858,765.63,765.63,765.74,765.59,1789146660000,668
28349.905726,765.7067,765.62,765.6915,765.76,765.61,1789146720000,620
41475.469911,765.6371,765.69,765.58,765.69,765.55,1789146780000,681
36218.649343,765.5632,765.58,765.5583,765.59,765.51,1789146840000,548
41639.215668,765.6264,765.56,765.63,765.69,765.56,1789146900000,781
156772.343173,759.4073,765.68,765.78,765.78,765.57,1789146960000,653
20086.722346,765.7986,765.79,765.805,765.81,765.74,1789147020000,494
17440.76473,765.8096,765.82,765.79,765.84,765.75,1789147080000,449
26538.537098,765.8742,765.8,765.92,765.9201,765.76,1789147140000,570
29897.701911,765.9951,765.92,765.94,766.04,765.92,1789147200000,534
27602.044056,765.9661,765.93,765.88,766.04,765.875,1789147260000,557
49758.758592,765.9464,765.88,766.05,766.05,765.87,1789147320000,633
57105.776024,766.1227,766.055,766.155,766.2,766.04,1789147380000,876
44021.318494,766.1518,766.16,766.2395,766.25,766.1,1789147440000,750
52893.675266,766.2405,766.23,766.18,766.33,766.145,1789147500000,784
28985.337893,766.1643,766.175,766.16,766.22,766.1076,1789147560000,621
32868.458539,766.1916,766.17,766.11,766.2,766.1,1789147620000,569
138341.377276,765.9611,766.1,765.96,766.13,765.91,1789147680000,1693
16505.129079,765.9931,765.9695,765.995,766.05,765.95,1789147740000,481
29481.87469,766.0058,765.995,766.04,766.11,765.915,1789147800000,742
42401.08803,766.1378,766.05,766.165,766.2,766.05,1789147860000,873
36589.321534,766.1506,766.18,766.01,766.26,766.01,1789147920000,916
37814.104686,766.0882,766.04,766.06,766.14,766.035,1789147980000,805
26118.961284,766.1119,766.09,765.9795,766.14,765.96,1789148040000,717
88250.293168,765.9542,765.98,765.861,766.05,765.86,1789148100000,1257
40668.906071,765.9313,765.87,765.94,765.96,765.86,1789148160000,917
74367.783937,765.9533,765.96,765.94,765.99,765.92,1789148220000,937
200138.376504,760.8443,765.94,765.88,765.94,765.79,1789148280000,913
50860.263684,765.8368,765.88,765.81,765.9045,765.78,1789148340000,669
158912.462658,759.5439,765.81,765.92,766.0,765.81,1789148400000,662
32612.502333,765.8485,765.925,765.84,765.925,765.8,1789148460000,611
155214.256978,759.3905,765.84,765.85,765.93,765.82,1789148520000,463
20979.268727,765.8935,765.86,765.956,765.99,765.79,1789148580000,489
39266.565654,765.8908,765.96,765.86,765.96,765.83,1789148640000,872
31997.922321,765.8265,765.86,765.84,765.88,765.43,1789148700000,728
31192.973586,765.8282,765.8355,765.795,765.86,765.3,1789148760000,703
196859.845469,760.7296,765.78,765.84,765.86,765.74,1789148820000,2751
37357.437495,765.7966,765.8405,765.75,765.8405,765.72,1789148880000,3814
51879.168261,765.8764,765.76,765.905,765.94,765.76,1789148940000,1028
30629.448643,765.8911,765.91,765.85,765.94,765.8446,1789149000000,664
40798.930889,765.8787,765.86,765.91,765.91,765.82,1789149060000,748
26156.501473,765.9596,765.89,765.97,765.97,765.88,1789149120000,605
34697.765652,765.9319,765.97,765.9,765.98,765.87,1789149180000,759
28294.215108,765.881,765.89,765.85,765.92,765.82,1789149240000,571
16973.768458,765.8584,765.86,765.83,765.88,765.77,1789149300000,475
12537.025253,765.8231,765.82,765.8,765.85,765.77,1789149360000,348
28123.563514,765.7849,765.79,765.75,765.81,765.72,1789149420000,583
66485.040681,765.7662,765.735,765.7017,765.825,765.7,1789149480000,950
40714.245437,765.689,765.72,765.74,765.76,765.64,1789149540000,735
37482.614954,765.7925,765.74,765.75,765.86,765.69,1789149600000,744
47781.599658,765.7926,765.75,765.845,765.86,765.71,1789149660000,890
29178.029514,765.9212,765.85,765.89,765.96,765.85,1789149720000,718
81007.600706,765.8914,765.9,765.91,765.955,765.83,1789149780000,791
42321.751967,765.914,765.92,765.86,765.97,765.84,1789149840000,748
80212.395466,765.768,765.85,765.72,765.85,765.72,1789149900000,904
14985.06615,765.7719,765.74,765.78,765.82,765.72,1789149960000,438
18050.492586,765.7638,765.77,765.73,765.79,765.71,1789150020000,511
31409.109704,765.6387,765.715,765.6295,765.7299,765.5995,1789150080000,688
45124.723208,765.6886,765.62,765.7,765.725,765.62,1789150140000,723
24588.561105,765.6986,765.7,765.7,765.72,765.63,1789150200000,493
148049.603419,759.0345,765.68,765.63,765.73,765.57,1789150260000,482
27334.363223,765.6335,765.64,765.58,765.67,765.58,1789150320000,696
22875.858849,765.6001,765.55,765.54,765.6599,765.53,1789150380000,662
28945.11022,765.5569,765.57,765.57,765.6199,765.5085,1789150440000,689
147796.1734,759.0099,765.56,765.57,765.61,765.53,1789150500000,622
15438.865488,765.6219,765.57,765.57,765.62,765.55,1789150560000,447
21336.77053,765.627,765.6,765.63,765.65,765.55,1789150620000,497
45231.749787,765.6385,765.63,765.68,765.7,765.57,1789150680000,685
43619.046192,765.6345,765.66,765.58,765.725,765.54,1789150740000,769
219502.71722,765.3854,765.59,765.3593,765.605,765.14,1789150800000,2805
215588.299572,760.9549,765.36,765.3,765.38,765.2,1789150860000,1072
57594.440988,765.3712,765.32,765.36,765.43,765.29,1789150920000,853
67127.546885,765.3505,765.36,765.3,765.41,765.27,1789150980000,805
33284.683073,765.3282,765.295,765.34,765.38,765.26,1789151040000,673
22289.630474,765.3834,765.37,765.28,765.43,765.28,1789151100000,635
292145.660999,758.9029,765.295,765.28,765.41,765.28,1789151160000,570
68367.820055,765.3095,765.29,765.335,765.38,765.195,1789151220000,1117
54396.381998,765.4156,765.32,765.505,765.53,765.3,1789151280000,965
24423.797187,765.5053,765.505,765.41,765.54,765.41,1789151340000,630
30828.9815,765.4783,765.42,765.3224,765.58,765.3224,1789151400000,636
33476.658263,765.3158,765.3241,765.165,765.37,765.15,1789151460000,794
39037.855622,765.2536,765.17,765.27,765.33,765.15,1789151520000,875
54348.784404,765.3292,765.27,765.37,765.375,765.24,1789151580000,922
54967.179971,765.3943,765.37,765.445,765.47,765.32,1789151640000,715
18468.658712,765.4155,765.46,765.39,765.46,765.36,1789151700000,452
26561.936158,765.5028,765.4,765.55,765.56,765.39,1789151760000,614
24823.497287,765.4667,765.55,765.37,765.56,765.35,1789151820000,611
33103.259563,765.3222,765.35,765.2801,765.36,765.26,1789151880000,665
24693.91189,765.3185,765.29,765.3,765.33,765.25,1789151940000,514
23621.804516,765.3419,765.3,765.33,765.34,765.29,1789152000000,598
22959.743166,765.3823,765.34,765.34,765.41,765.305,1789152060000,661
26468.070127,765.2993,765.36,765.22,765.36,765.2101,1789152120000,640
23030.354101,765.1802,765.22,765.17,765.22,765.12,1789152180000,731
281968.17368,758.6464,765.15,765.15,765.19,765.0975,1789152240000,593
58638.402364,765.1324,765.15,765.09,765.21,765.07,1789152300000,831
32894.285682,765.1349,765.09,765.11,765.19,765.07,1789152360000,601
42898.812962,765.221,765.11,765.25,765.32,765.1,1789152420000,846
81553.280109,765.1032,765.25,764.99,765.3,764.96,1789152480000,985
24591.621738,765.058,764.985,765.04,765.08,764.98,1789152540000,630
25526.117147,765.1014,765.04,765.15,765.16,765.03,1789152600000,679
158258.942909,759.3574,765.155,765.11,765.17,765.1,1789152660000,686
55336.123847,765.0988,765.11,765.085,765.14,765.05,1789152720000,871
32954.363788,765.0714,765.08,765.1,765.1,765.03,1789152780000,771
27800.167882,765.0797,765.11,765.06,765.12,765.04,1789152840000,696
51982.263934,765.0987,765.04,765.14,765.2,765.01,1789152900000,951
87698.099173,765.212,765.141,765.2225,765.26,765.125,1789152960000,890
41390.345777,765.1423,765.22,765.095,765.22,765.08,1789153020000,729
73782.822383,765.1018,765.09,765.15,765.16,765.05,1789153080000,1054
56773.710531,765.0323,765.15,765.04,765.155,764.94,1789153140000,998
204754.277599,764.8805,765.04,765.1,765.13,765.0,1789153200000,791
139065.173818,765.0906,765.105,765.1,765.15,765.06,1789153260000,1194
29903.993018,765.1009,765.09,765.1,765.1,765.05,1789153320000,600
20353.315612,765.1122,765.09,765.11,765.13,765.06,1789153380000,642
34542.621626,765.1335,765.11,765.13,765.19,765.05,1789153440000,661
27433.758399,765.1132,765.13,765.09,765.14,765.06,1789153500000,736
33616.120153,765.0535,765.09,764.9776,765.12,764.96,1789153560000,659
299615.179451,765.0319,764.96,764.88,764.96,764.84,1789153620000,854
41226.736136,764.8528,764.88,764.82,764.91,764.8,1789153680000,746
110175.495904,764.7857,764.82,764.76,764.88,764.72,1789153740000,1226
83535.176141,764.6712,764.75,764.62,764.76,764.59,1789153800000,1222
55300.969929,764.643,764.602,764.75,764.77,764.55,1789153860000,1076
127097.24524,764.7094,764.76,764.845,764.86,764.73,1789153920000,1155
171786.772502,759.7285,764.85,764.82,764.87,764.75,1789153980000,772
37274.647762,764.8592,764.83,764.9,764.92,764.79,1789154040000,716
45058.2443,764.9398,764.9,764.91,765.0,764.88,1789154100000,795
31545.86281,764.9578,764.92,764.955,764.98,764.88,1789154160000,825
40225.869578,765.0239,764.95,765.01,765.06,764.94,1789154220000,856
49254.225929,765.0334,765.01,765.1,765.1,764.98,1789154280000,832
59717.66082,765.0234,765.08,764.99,765.09,764.95,1789154340000,793
29461.554401,764.9839,765.0,764.9525,765.02,764.93,1789154400000,658
45046.917223,764.9984,764.968,765.05,765.05,764.9,1789154460000,668
182120.033097,760.0819,765.03,765.01,765.1,764.98,1789154520000,863
76679.605639,765.0424,765.02,765.1195,765.13,765.0,1789154580000,914
38184.137153,765.1761,765.13,765.2,765.22,765.11,1789154640000,733
56660.304993,765.1712,765.2,765.15,765.21,765.14,1789154700000,712
52000.80659,765.2471,765.17,765.23,765.3,765.16,1789154760000,759
123226.090557,765.1508,765.23,765.1,765.23,765.08,1789154820000,1306
84765.180207,765.1344,765.12,765.08,765.19,765.06,1789154880000,967
166292.012254,759.6149,765.09,765.02,765.1,765.01,1789154940000,782
75321.104179,765.0872,765.025,765.07,765.13,765.02,1789155000000,1137
72319.946449,764.997,765.07,764.99,765.085,764.925,1789155060000,1191
76308.407674,764.9843,765.0,764.97,765.02,764.94,1789155120000,1111
65700.767828,764.9782,764.98,764.96,765.03,764.92,1789155180000,875
220552.71131,760.9098,764.95,764.98,764.99,764.9,1789155240000,1069
76292.967598,764.9743,764.98,764.94,765.03,764.87,1789155300000,1051
81561.83841,764.9234,764.93,764.93,764.975,764.88,1789155360000,1014
188864.005191,760.2292,764.93,764.97,764.98,764.91,1789155420000,900
41560.797415,764.9496,764.97,764.95,764.98,764.87,1789155480000,905
71362.911559,764.9495,764.96,764.935,764.97,764.92,1789155540000,835
109395.342246,764.9276,764.93,764.95,764.96,764.88,1789155600000,1185
77339.36539,764.9503,764.96,764.93,764.98,764.89,1789155660000,1099
178462.35947,759.9595,764.94,765.03,765.04,764.92,1789155720000,871
58330.494737,764.9733,765.03,764.97,765.04,764.92,1789155780000,1015
216943.067126,760.8697,764.975,765.01,765.05,764.975,1789155840000,1182
135214.494762,764.9858,765.01,764.98,765.04,764.93,1789155900000,1448
226256.700426,760.9828,764.99,764.785,764.99,764.78,1789155960000,1291
265239.685592,761.5057,764.78,764.81,764.86,764.72,1789156020000,1689
258712.256714,761.4307,764.815,764.74,764.85,764.74,1789156080000,1398
130394.426474,764.7621,764.74,764.75,764.8,764.73,1789156140000,1326
358363.981984,764.5837,764.74,764.59,764.74,764.49,1789156200000,3879
357485.887434,762.16,764.6,764.48,764.63,764.44,1789156260000,2956
209179.021128,764.488,764.48,764.49,764.61,764.42,1789156320000,3033
248330.576914,764.6091,764.5,764.52,764.77,764.48,1789156380000,3545
363798.915293,762.3285,764.52,764.66,764.82,764.52,1789156440000,2970
238273.777208,764.5624,764.66,764.595,764.66,764.47,1789156500000,3375
249139.288505,764.5097,764.59,764.53,764.59,764.46,1789156560000,3306
385167.155403,762.3507,764.52,764.52,764.58,764.49,1789156620000,3141
1015991.797486,762.0692,764.5,764.46,764.7,764.44,1789156680000,5999
2467843.448268,761.9883,764.47,764.195,764.59,764.04,1789156740000,10652
