v,vw,o,c,h,l,t,n
1640276.088462,220.854,221.235,220.515,221.34,220.25,1789133400000,30214
625636.10872,219.9575,220.49,219.3977,220.5,219.1501,1789133460000,9847
481892.584672,219.5022,219.36,219.6,219.74,219.18,1789133520000,7815
441079.342065,219.7279,219.57,219.96,220.0205,219.45,1789133580000,10112
305586.121872,219.7823,219.92,219.78,220.01,219.595,1789133640000,6127
350773.305996,219.91,219.77,219.69,220.2,219.66,1789133700000,6812
569713.478495,219.4069,219.66,219.2179,219.68,219.03,1789133760000,9084
311732.463594,219.5075,219.2092,219.58,219.77,219.19,1789133820000,6265
252148.803955,219.5231,219.55,219.54,219.61,219.36,1789133880000,5158
252223.994293,219.4886,219.53,219.62,219.62,219.32,1789133940000,5280
483901.409033,219.793,219.6288,219.98,220.07,219.3732,1789134000000,8433
330467.799817,220.0444,219.985,219.8799,220.21,219.82,1789134060000,5334
250067.00309,219.8678,219.89,219.94,220.0399,219.6611,1789134120000,5075
250879.774817,220.0204,219.9372,220.015,220.14,219.92,1789134180000,4956
266664.390472,219.9235,220.0,220.06,220.1,219.77,1789134240000,5348
294138.553016,219.8846,220.07,219.89,220.09,219.77,1789134300000,5164
413773.752802,219.7706,219.88,219.75,219.94,219.53,1789134360000,9317
191043.651099,219.7162,219.74,219.71,219.81,219.64,1789134420000,4101
318601.008589,219.5043,219.7,219.365,219.74,219.345,1789134480000,5292
217193.374683,219.7207,219.35,219.81,219.89,219.35,1789134540000,4677
274780.767181,219.8927,219.78,220.0,220.0449,219.77,1789134600000,5060
266194.627554,219.9324,219.99,220.155,220.175,219.715,1789134660000,5509
431856.582983,220.3805,220.14,220.46,220.58,220.07,1789134720000,6849
370013.627573,220.6012,220.46,220.73,220.77,220.37,1789134780000,6852
487956.683092,220.8803,220.75,221.16,221.18,220.55,1789134840000,6290
632688.285663,221.1788,221.14,221.4,221.44,220.8301,1789134900000,8505
429483.659053,221.0107,221.4074,220.79,221.5,220.72,1789134960000,6483
309421.929806,220.8187,220.79,220.915,221.01,220.6,1789135020000,5317
329094.462803,221.1644,220.89,221.284,221.34,220.87,1789135080000,5396
541326.381439,221.4672,221.28,221.61,221.71,221.22,1789135140000,6569
345493.745091,221.4466,221.62,221.4,221.62,221.31,1789135200000,5519
479491.667392,221.5331,221.41,221.64,221.75,221.33,1789135260000,6481
386457.456992,221.6373,221.635,221.7101,221.75,221.45,1789135320000,5784
441859.543829,221.7625,221.72,221.76,221.9,221.6231,1789135380000,6262
674111.915953,221.8601,221.775,221.51,222.0,221.5,1789135440000,8939
407017.15448,221.6069,221.5199,221.37,221.7999,221.35,1789135500000,6902
417423.426052,221.172,221.3507,220.882,221.485,220.8,1789135560000,7284
262542.284783,221.0171,220.91,221.22,221.23,220.84,1789135620000,4752
196040.505469,221.2442,221.249,221.235,221.385,221.1,1789135680000,3978
227191.787512,221.3318,221.2443,221.38,221.48,221.2101,1789135740000,4533
253178.235677,221.442,221.38,221.401,221.55,221.32,1789135800000,4905
234371.54814,221.4603,221.42,221.6,221.63,221.3,1789135860000,4339
297684.328336,221.3994,221.615,221.46,221.63,221.26,1789135920000,9128
200638.563116,221.3088,221.46,221.265,221.46,221.2,1789135980000,7991
207507.078284,221.1954,221.26,221.17,221.2805,221.07,1789136040000,8591
199530.019406,221.2501,221.17,221.225,221.41,221.115,1789136100000,8694
201588.333512,221.1424,221.23,221.03,221.23,221.03,1789136160000,8653
330493.365044,220.8525,221.02,220.955,221.05,220.65,1789136220000,10029
202341.966213,220.8755,220.95,220.9683,221.001,220.7176,1789136280000,8443
232577.139617,221.1681,220.98,221.255,221.36,220.94,1789136340000,8774
184379.127988,221.2352,221.29,221.32,221.35,221.09,1789136400000,8495
307045.426066,221.3643,221.33,221.52,221.53,221.245,1789136460000,9141
633169.120997,221.141,221.53,221.6097,221.7114,221.35,1789136520000,8862
169262.505712,221.5064,221.61,221.49,221.62,221.41,1789136580000,7680
129692.014628,221.4824,221.5,221.45,221.5999,221.37,1789136640000,7639
165906.411439,221.5493,221.46,221.67,221.67,221.39,1789136700000,8064
318568.3257,221.7157,221.65,221.81,221.9,221.55,1789136760000,9268
223654.800922,221.8469,221.82,221.895,221.93,221.72,1789136820000,8703
228731.039631,221.8465,221.905,221.7999,221.93,221.75,1789136880000,8950
272003.551701,221.7383,221.79,221.6,221.87,221.5901,1789136940000,9417
344892.770108,221.2721,221.59,221.29,221.59,221.04,1789137000000,10981
383113.724069,220.9828,221.2536,220.68,221.47,220.63,1789137060000,10536
259742.523327,220.5543,220.66,220.54,220.69,220.45,1789137120000,9279
290810.831832,220.3697,220.54,220.31,220.56,220.22,1789137180000,9012
331836.640841,220.2674,220.33,220.155,220.43,220.085,1789137240000,9828
900249.971572,220.195,220.1595,220.069,220.2,219.8914,1789137300000,10967
237330.150722,220.0109,220.07,220.0,220.08,219.91,1789137360000,8160
198166.354189,219.9813,220.0,220.005,220.075,219.87,1789137420000,8225
220990.500113,219.9097,220.01,219.94,220.02,219.78,1789137480000,8809
293756.147766,220.0496,219.9299,220.1,220.13,219.915,1789137540000,9167
275099.759218,220.1975,220.1098,220.19,220.3,220.1,1789137600000,8660
222142.893642,220.1757,220.1845,220.19,220.29,220.1,1789137660000,8394
131756.385233,220.1186,220.19,220.07,220.21,220.03,1789137720000,7806
213637.380611,219.927,220.06,219.73,220.1,219.73,1789137780000,8567
210240.606129,219.7458,219.736,219.78,219.84,219.67,1789137840000,8228
209210.813232,219.813,219.78,219.8578,219.8991,219.73,1789137900000,8990
239576.483613,219.8361,219.855,219.92,219.95,219.72,1789137960000,8722
143347.095466,219.8762,219.92,219.84,219.98,219.76,1789138020000,7598
409262.683044,219.8718,219.852,219.87,220.11,219.62,1789138080000,11601
149387.853776,219.8963,219.87,219.9895,220.01,219.7901,1789138140000,7333
162528.151958,219.8278,219.9809,219.83,220.01,219.74,1789138200000,7697
148066.502453,219.8331,219.83,219.89,219.9129,219.76,1789138260000,7428
145731.553645,219.8128,219.89,219.73,219.95,219.72,1789138320000,7485
136582.546462,219.6788,219.7399,219.68,219.7771,219.6101,1789138380000,7500
209973.818802,219.6841,219.69,219.625,219.817,219.54,1789138440000,8163
300169.531957,219.4184,219.625,219.4,219.625,219.3,1789138500000,9110
175687.881836,219.5159,219.41,219.61,219.62,219.3951,1789138560000,7677
155169.415154,219.5829,219.61,219.6224,219.68,219.42,1789138620000,7821
111178.516509,219.6164,219.6101,219.557,219.7,219.52,1789138680000,7260
181577.523658,219.4669,219.55,219.47,219.56,219.36,1789138740000,7960
131377.316462,219.4437,219.45,219.5654,219.5782,219.36,1789138800000,7765
227642.262927,219.6624,219.57,219.82,219.829,219.56,1789138860000,8316
236258.76445,219.8791,219.82,220.04,220.05,219.76,1789138920000,8699
195601.854118,220.0791,220.0443,220.135,220.17,219.9906,1789138980000,7969
128729.800053,220.037,220.128,220.08,220.15,219.9601,1789139040000,7400
196413.262391,220.1827,220.08,220.255,220.278,220.015,1789139100000,8306
143887.155929,220.1525,220.26,220.09,220.28,220.05,1789139160000,7807
103637.888366,220.0838,220.0901,220.165,220.165,220.01,1789139220000,6995
136851.186546,220.2126,220.17,220.19,220.26,220.17,1789139280000,7346
77025.152381,220.1746,220.19,220.14,220.24,220.12,1789139340000,6759
104831.091812,220.1288,220.143,220.13,220.21,220.0701,1789139400000,6956
92247.628313,220.046,220.13,220.08,220.13,220.01,1789139460000,7039
118774.161928,220.002,220.0788,219.9199,220.1099,219.9,1789139520000,7572
147270.556342,219.8102,219.9006,219.775,219.93,219.71,1789139580000,7950
102523.246028,219.7821,219.79,219.7806,219.83,219.73,1789139640000,7402
272871.222827,220.1512,219.7983,220.37,220.38,219.78,1789139700000,8415
184543.336421,220.3649,220.36,220.42,220.4399,220.28,1789139760000,7474
170372.704309,220.4497,220.42,220.4401,220.53,220.4,1789139820000,7507
207724.369448,220.4674,220.45,220.39,220.58,220.32,1789139880000,7684
215133.452326,220.2844,220.3829,220.17,220.41,220.135,1789139940000,7940
130795.858132,220.2782,220.1733,220.25,220.35,220.1733,1789140000000,7293
161562.140279,220.1162,220.25,220.19,220.26,220.0,1789140060000,7832
87753.605085,220.2077,220.175,220.21,220.2599,220.16,1789140120000,6957
235390.581101,220.0409,220.19,219.92,220.19,219.9,1789140180000,8272
169687.829738,220.0821,219.93,220.1669,220.23,219.915,1789140240000,7862
94972.489555,220.1733,220.15,220.2017,220.22,220.1101,1789140300000,6958
126261.07533,220.2334,220.205,220.2,220.32,220.13,1789140360000,7389
109514.470032,220.2662,220.2,220.245,220.32,220.2,1789140420000,6969
88258.494653,220.2211,220.25,220.21,220.28,220.17,1789140480000,6877
100448.29319,220.1562,220.2,220.1801,220.22,220.1,1789140540000,7221
114944.976418,220.2106,220.18,220.23,220.3,220.12,1789140600000,7431
101823.226184,220.1709,220.2384,220.17,220.28,220.08,1789140660000,7245
114459.276189,220.1573,220.16,220.1,220.22,220.0951,1789140720000,7334
455136.754963,220.158,220.095,219.825,220.1,219.81,1789140780000,8124
213737.341099,219.7839,219.835,219.83,219.8599,219.705,1789140840000,8073
199235.686096,219.8439,219.83,219.94,219.94,219.78,1789140900000,8195
396291.205839,219.9702,219.94,219.93,219.97,219.8601,1789140960000,7310
175933.810343,219.7668,219.925,219.685,219.95,219.6405,1789141020000,7622
109954.886764,219.7564,219.69,219.81,219.8311,219.69,1789141080000,6765
132078.870151,219.8269,219.81,219.75,219.88,219.745,1789141140000,7618
75054.503934,219.7729,219.75,219.76,219.815,219.71,1789141200000,6607
215691.007643,219.5535,219.74,219.4401,219.74,219.4201,1789141260000,8356
180775.963464,219.4909,219.43,219.51,219.55,219.43,1789141320000,7792
249861.382645,219.6112,219.51,219.71,219.75,219.495,1789141380000,8297
118853.632553,219.6813,219.71,219.57,219.765,219.57,1789141440000,7285
99847.888781,219.6098,219.565,219.56,219.65,219.53,1789141500000,7010
118132.85254,219.5823,219.57,219.67,219.68,219.5,1789141560000,7051
89147.16346,219.5965,219.6612,219.5599,219.665,219.55,1789141620000,6712
85732.036084,219.5804,219.555,219.61,219.63,219.55,1789141680000,6919
142468.150047,219.7201,219.6,219.73,219.805,219.56,1789141740000,7066
132774.144808,219.7623,219.74,219.8,219.83,219.69,1789141800000,7520
96995.170558,219.7875,219.81,219.75,219.8399,219.71,1789141860000,6652
65894.236098,219.7083,219.745,219.712,219.7476,219.68,1789141920000,6579
98011.429624,219.6662,219.7001,219.61,219.7434,219.605,1789141980000,6658
123116.222931,219.5729,219.61,219.5978,219.62,219.52,1789142040000,7090
76366.366078,219.6194,219.61,219.6,219.6794,219.5573,1789142100000,6820
59022.0556,219.6173,219.6,219.62,219.655,219.58,1789142160000,6400
100869.919928,219.6667,219.6109,219.62,219.73,219.6,1789142220000,6696
113725.462263,219.6892,219.61,219.75,219.76,219.61,1789142280000,7232
75449.284451,219.7377,219.73,219.685,219.765,219.685,1789142340000,6730
100989.725264,219.6775,219.68,219.68,219.75,219.59,1789142400000,7362
133233.714864,219.7802,219.68,219.835,219.87,219.67,1789142460000,7189
119176.488967,219.8759,219.835,219.91,219.9416,219.8008,1789142520000,7048
161542.833782,219.8553,219.91,219.7101,219.9699,219.7,1789142580000,7719
119960.686579,219.8611,219.703,219.93,219.94,219.703,1789142640000,7139
92629.76736,219.9193,219.94,219.91,219.9652,219.87,1789142700000,6898
94212.388424,219.8984,219.93,219.8399,219.95,219.8319,1789142760000,7210
94158.422587,219.8315,219.8301,219.78,219.8897,219.78,1789142820000,6911
60542.251703,219.7684,219.77,219.76,219.8099,219.73,1789142880000,6762
74015.182384,219.821,219.745,219.875,219.89,219.73,1789142940000,7028
59100.849987,219.8324,219.8701,219.7536,219.88,219.75,1789143000000,6919
78726.355839,219.7886,219.77,219.8451,219.865,219.7201,1789143060000,7108
66468.957151,219.7971,219.845,219.7801,219.86,219.745,1789143120000,6818
106257.130004,219.6745,219.795,219.64,219.795,219.61,1789143180000,7234
153678.436548,219.5971,219.626,219.58,219.65,219.55,1789143240000,3561
228420.639017,219.4865,219.58,219.43,219.59,219.38,1789143300000,3598
102595.86174,219.4572,219.435,219.4,219.4924,219.4,1789143360000,2498
83127.848636,219.4948,219.41,219.46,219.555,219.4062,1789143420000,2266
97353.774216,219.3679,219.48,219.29,219.49,219.28,1789143480000,2547
234384.015057,219.2209,219.2904,219.27,219.32,219.14,1789143540000,3688
139887.98799,219.3642,219.275,219.2637,219.4239,219.263,1789143600000,2652
64878.021167,219.302,219.26,219.25,219.3499,219.2486,1789143660000,1927
84725.448666,219.2057,219.255,219.1736,219.2558,219.17,1789143720000,2297
77057.588643,219.2213,219.17,219.26,219.2699,219.155,1789143780000,2074
77667.173158,219.1958,219.24,219.2062,219.25,219.15,1789143840000,2126
68914.548263,219.2191,219.21,219.1601,219.27,219.16,1789143900000,2071
85190.728208,219.1809,219.17,219.14,219.255,219.1238,1789143960000,2344
90787.894472,219.1679,219.15,219.1699,219.24,219.12,1789144020000,2518
74945.569135,219.269,219.16,219.308,219.33,219.16,1789144080000,2011
189283.557565,219.2013,219.31,219.16,219.32,219.09,1789144140000,4543
86884.172805,219.1772,219.16,219.17,219.22,219.09,1789144200000,2308
209614.051082,219.0817,219.19,219.0665,219.19,219.02,1789144260000,3423
314469.317527,219.0135,219.08,218.985,219.1601,218.92,1789144320000,6194
161803.713826,219.0608,218.985,219.18,219.2,218.95,1789144380000,3102
125996.451905,219.1855,219.18,219.145,219.22,219.12,1789144440000,2449
128165.701608,219.0918,219.145,219.08,219.17,219.01,1789144500000,2701
93950.444687,219.1015,219.09,219.07,219.1499,219.05,1789144560000,2193
111092.399406,219.0426,219.07,219.0175,219.1,218.9805,1789144620000,2629
139817.195333,218.967,219.01,218.9199,219.0825,218.88,1789144680000,3115
177000.914265,218.8316,218.9103,218.755,218.92,218.735,1789144740000,3690
177336.593462,218.7494,218.76,218.94,218.94,218.65,1789144800000,3505
100761.143535,218.9385,218.94,218.94,218.98,218.88,1789144860000,2696
65327.127616,218.9087,218.935,218.91,218.94,218.87,1789144920000,2305
67199.554203,218.9342,218.905,218.9501,218.99,218.86,1789144980000,2270
167086.543365,219.0534,218.9501,219.1199,219.1599,218.94,1789145040000,2991
130903.970359,219.155,219.115,219.1501,219.25,219.08,1789145100000,3388
61444.844287,219.1785,219.15,219.15,219.2265,219.1401,1789145160000,2213
68559.320752,219.1714,219.155,219.185,219.2,219.12,1789145220000,2171
108789.459902,219.1117,219.185,219.052,219.205,219.04,1789145280000,2764
98180.463961,219.0082,219.05,218.9697,219.06,218.96,1789145340000,2399
148543.85299,219.1083,218.965,219.18,219.2,218.9644,1789145400000,3050
61096.256051,219.1478,219.185,219.13,219.19,219.12,1789145460000,2251
46888.088389,219.1269,219.13,219.12,219.16,219.09,1789145520000,2179
112929.985999,219.0384,219.115,219.03,219.1399,218.97,1789145580000,3266
75947.830107,219.0218,219.02,219.025,219.06,218.99,1789145640000,2422
112898.180275,219.0305,219.025,219.01,219.07,218.9903,1789145700000,3055
93179.250862,219.0874,219.01,219.06,219.14,219.0001,1789145760000,2948
49386.933115,219.0737,219.065,219.11,219.11,219.04,1789145820000,2447
50786.222858,219.1007,219.11,219.111,219.13,219.075,1789145880000,2179
90972.591493,219.1121,219.1,219.1,219.145,219.09,1789145940000,2534
133739.864079,219.1882,219.11,219.155,219.26,219.105,1789146000000,2925
559234.706592,219.1276,219.155,219.09,219.18,219.09,1789146060000,2104
109759.933114,219.0757,219.095,219.095,219.13,219.01,1789146120000,2205
68522.568144,219.1529,219.095,219.12,219.1299,219.06,1789146180000,1728
44403.96339,219.0925,219.1194,219.0576,219.13,219.05,1789146240000,1537
55753.840347,219.1261,219.055,219.105,219.17,219.055,1789146300000,1791
94208.71895,219.1463,219.11,219.215,219.2201,219.07,1789146360000,2096
220480.281435,219.2584,219.21,219.1537,219.36,219.13,1789146420000,4189
79638.421482,219.1411,219.15,219.14,219.19,219.11,1789146480000,2057
72908.086733,219.1007,219.13,219.12,219.1348,219.04,1789146540000,1950
92931.259438,219.1294,219.12,219.1,219.24,219.06,1789146600000,2436
145653.375541,218.992,219.1186,219.015,219.12,218.9,1789146660000,3096
55088.191829,219.0419,219.01,219.025,219.08,219.0,1789146720000,1775
73945.646456,218.9569,219.02,218.9114,219.02,218.9,1789146780000,1960
88095.953932,218.9781,218.91,218.985,219.05,218.9,1789146840000,2076
67361.213325,219.0264,218.985,219.0,219.07,218.98,1789146900000,1745
67354.679522,218.99,218.995,219.045,219.0486,218.94,1789146960000,1861
104357.171525,219.151,219.05,219.2508,219.255,219.0327,1789147020000,2079
122724.738142,219.2647,219.25,219.28,219.3,219.21,1789147080000,2185
94392.341449,219.3011,219.285,219.318,219.3465,219.25,1789147140000,2019
115464.602023,219.3441,219.33,219.295,219.388,219.29,1789147200000,2178
89876.768504,219.2769,219.3,219.2301,219.339,219.22,1789147260000,1988
65552.679317,219.2596,219.24,219.305,219.3099,219.21,1789147320000,2005
107192.388345,219.3652,219.31,219.405,219.42,219.28,1789147380000,2198
103730.691135,219.359,219.4,219.32,219.43,219.29,1789147440000,2148
96744.992408,219.3537,219.31,219.36,219.43,219.29,1789147500000,2372
41436.34427,219.3178,219.35,219.28,219.365,219.28,1789147560000,1548
52305.9097,219.2579,219.26,219.2173,219.3,219.21,1789147620000,1743
104171.121034,219.1651,219.21,219.135,219.23,219.11,1789147680000,2168
64635.417327,219.1782,219.135,219.25,219.25,219.12,1789147740000,1871
68932.371549,219.2963,219.256,219.3,219.35,219.235,1789147800000,1934
57854.841705,219.2504,219.3,219.265,219.3114,219.1901,1789147860000,1895
59002.93471,219.2436,219.26,219.21,219.2899,219.179,1789147920000,1752
160584.185878,219.2257,219.22,219.245,219.25,219.2,1789147980000,1601
40659.455959,219.2538,219.24,219.21,219.29,219.21,1789148040000,1594
62089.234894,219.2406,219.22,219.18,219.29,219.18,1789148100000,1854
59153.731301,219.2514,219.19,219.2701,219.2898,219.19,1789148160000,1877
94383.960203,219.3563,219.2799,219.395,219.41,219.2799,1789148220000,2062
149090.92014,219.2186,219.3917,219.14,219.3917,219.05,1789148280000,3154
106291.178035,219.1421,219.15,219.06,219.2,219.06,1789148340000,2162
155438.395114,219.0635,219.07,219.17,219.19,219.0,1789148400000,3029
55243.674107,219.1809,219.18,219.25,219.25,219.15,1789148460000,1904
73063.579158,219.2642,219.25,219.235,219.32,219.22,1789148520000,1825
46455.888864,219.3265,219.23,219.2799,219.28,219.221,1789148580000,1604
44400.322468,219.2679,219.2699,219.29,219.3,219.23,1789148640000,1700
65861.037488,219.3186,219.3,219.3292,219.35,219.28,1789148700000,2019
83364.103531,219.3519,219.34,219.365,219.375,219.32,1789148760000,1887
85123.917746,219.357,219.36,219.36,219.4,219.31,1789148820000,2057
51052.825712,219.3445,219.3523,219.305,219.38,219.305,1789148880000,1678
59256.304496,219.3109,219.3001,219.2801,219.35,219.28,1789148940000,1756
55862.353975,219.2877,219.29,219.27,219.32,219.26,1789149000000,1705
69049.133131,219.275,219.265,219.28,219.31,219.25,1789149060000,1778
57639.359409,219.3049,219.28,219.315,219.33,219.28,1789149120000,1702
77231.135428,219.2967,219.315,219.315,219.33,219.25,1789149180000,1701
55923.345525,219.2869,219.3124,219.25,219.32,219.24,1789149240000,1799
45952.871958,219.273,219.2595,219.255,219.3,219.2288,1789149300000,5554
49665.124719,219.2465,219.25,219.22,219.28,219.22,1789149360000,1724
61137.746986,219.1924,219.21,219.17,219.22,219.16,1789149420000,1898
80761.875939,219.1412,219.17,219.12,219.18,219.08,1789149480000,2126
50298.971478,219.1495,219.121,219.15,219.17,219.11,1789149540000,1701
53826.017819,219.0999,219.14,219.065,219.14,219.0623,1789149600000,1773
75750.461098,219.1111,219.067,219.155,219.19,219.03,1789149660000,1902
57060.558456,219.185,219.15,219.2,219.225,219.15,1789149720000,1786
77074.131023,219.1707,219.19,219.165,219.2,219.128,1789149780000,1822
44454.764384,219.1492,219.16,219.1399,219.16,219.13,1789149840000,1608
47980.215541,219.1117,219.14,219.095,219.15,219.08,1789149900000,1775
35167.738784,219.124,219.1,219.1297,219.15,219.08,1789149960000,1595
35134.905941,219.1175,219.13,219.12,219.14,219.09,1789150020000,1494
49200.525268,219.1269,219.1201,219.13,219.16,219.09,1789150080000,1713
48785.137029,219.1805,219.14,219.195,219.21,219.14,1789150140000,1681
67673.356661,219.205,219.2,219.215,219.25,219.17,1789150200000,1702
44139.385091,219.161,219.215,219.13,219.22,219.11,1789150260000,1640
33689.705826,219.1448,219.12,219.12,219.17,219.12,1789150320000,1599
74167.03133,219.1546,219.11,219.18,219.22,219.09,1789150380000,1944
55508.09976,219.1871,219.1773,219.2,219.23,219.13,1789150440000,1737
43421.221977,219.1818,219.1874,219.22,219.23,219.1405,1789150500000,1634
82978.54215,219.2314,219.22,219.255,219.2699,219.2,1789150560000,2075
68375.120122,219.3005,219.255,219.31,219.34,219.255,1789150620000,1804
65666.93984,219.3318,219.31,219.345,219.35,219.295,1789150680000,1707
115463.294117,219.3116,219.35,219.27,219.37,219.23,1789150740000,2255
172630.114635,219.203,219.28,219.2201,219.34,219.08,1789150800000,4210
43630.365301,219.2063,219.23,219.21,219.23,219.17,1789150860000,1729
57953.959675,219.2232,219.205,219.245,219.25,219.1874,1789150920000,1845
81254.322046,219.309,219.23,219.305,219.35,219.22,1789150980000,1982
81149.059188,219.3662,219.32,219.3699,219.42,219.32,1789151040000,1961
117883.116592,219.3792,219.365,219.35,219.432,219.32,1789151100000,2634
63181.100535,219.3982,219.36,219.355,219.43,219.3501,1789151160000,1841
106983.460266,219.4106,219.35,219.45,219.4591,219.34,1789151220000,2280
146583.402354,219.4811,219.46,219.5,219.5599,219.42,1789151280000,2635
77908.822039,219.5113,219.5,219.51,219.54,219.4801,1789151340000,2056
141633.328345,219.6039,219.505,219.56,219.66,219.49,1789151400000,2791
77185.259789,219.5615,219.55,219.53,219.6,219.511,1789151460000,1943
121331.987003,219.5901,219.53,219.62,219.6301,219.52,1789151520000,2022
222625.230673,219.7422,219.63,219.83,219.8399,219.63,1789151580000,3156
218779.166331,219.8772,219.83,219.92,219.9368,219.81,1789151640000,3171
266730.330544,219.9193,219.915,219.97,219.9799,219.87,1789151700000,3149
117504.267918,219.924,219.955,219.985,219.985,219.87,1789151760000,2205
289951.405953,219.9392,219.985,219.7791,220.01,219.75,1789151820000,3782
135718.240064,219.7048,219.775,219.58,219.78,219.58,1789151880000,2477
141979.699643,219.6082,219.5999,219.715,219.72,219.5601,1789151940000,2443
178766.226261,219.7971,219.72,219.7976,219.87,219.7,1789152000000,3585
126768.628116,219.7623,219.7841,219.75,219.82,219.71,1789152060000,2009
72735.646549,219.7452,219.7668,219.7,219.8,219.6902,1789152120000,1931
95459.649245,219.6689,219.7,219.67,219.715,219.621,1789152180000,2465
73555.411586,219.6578,219.67,219.65,219.7,219.62,1789152240000,2309
81755.932971,219.6449,219.655,219.61,219.6699,219.605,1789152300000,1921
61690.152724,219.6025,219.605,219.5996,219.64,219.57,1789152360000,1784
75327.165383,219.5796,219.59,219.5814,219.61,219.54,1789152420000,1910
103101.03614,219.5366,219.59,219.4701,219.61,219.465,1789152480000,2217
92819.222539,219.4687,219.47,219.46,219.5,219.4105,1789152540000,1949
87623.743775,219.4026,219.45,219.3168,219.5,219.3,1789152600000,2032
84913.049324,219.3147,219.31,219.325,219.36,219.255,1789152660000,2123
55111.92244,219.3161,219.3295,219.29,219.35,219.28,1789152720000,1644
104512.734308,219.2732,219.29,219.28,219.3024,219.24,1789152780000,2204
90536.444826,219.3078,219.28,219.28,219.35,219.26,1789152840000,2081
74460.01792,219.3458,219.27,219.388,219.4,219.26,1789152900000,1880
127364.022996,219.4506,219.388,219.5,219.51,219.37,1789152960000,2245
111688.324178,219.4419,219.5,219.37,219.505,219.36,1789153020000,2204
130206.980084,219.3664,219.375,219.4293,219.4399,219.31,1789153080000,2341
54005.227973,219.3819,219.4299,219.35,219.4299,219.315,1789153140000,1667
88317.316608,219.3488,219.34,219.415,219.4199,219.27,1789153200000,2062
78933.971985,219.4207,219.415,219.41,219.44,219.38,1789153260000,1958
51432.318525,219.3794,219.4101,219.4,219.4136,219.34,1789153320000,1605
78716.332148,219.3539,219.4,219.3,219.445,219.29,1789153380000,2153
103887.041711,219.2785,219.305,219.22,219.34,219.21,1789153440000,2411
123692.326681,219.2129,219.22,219.1695,219.2599,219.16,1789153500000,2608
82095.982857,219.189,219.17,219.13,219.225,219.12,1789153560000,2184
193700.019334,219.0404,219.14,219.015,219.15,218.98,1789153620000,3444
165461.05463,219.0454,219.015,219.0414,219.0999,219.01,1789153680000,2834
219446.181071,218.9687,219.045,218.8501,219.075,218.82,1789153740000,3426
123643.079175,218.8937,218.865,218.9,218.92,218.86,1789153800000,2429
163663.931218,218.9018,218.9,218.98,218.98,218.8107,1789153860000,2540
164186.870932,218.9031,218.97,218.935,218.98,218.85,1789153920000,2926
224681.099805,219.0604,218.9399,219.11,219.14,218.9301,1789153980000,3195
105054.043127,219.0782,219.11,219.11,219.127,219.01,1789154040000,2225
149020.355311,219.1764,219.1001,219.165,219.23,219.1001,1789154100000,2554
162911.435584,219.0969,219.17,219.025,219.19,219.02,1789154160000,2664
121986.714441,219.102,219.0299,219.12,219.15,219.0001,1789154220000,2288
64131.770143,219.0732,219.11,219.05,219.11,219.04,1789154280000,1951
99188.793952,219.0348,219.04,218.9902,219.08,218.98,1789154340000,2167
77331.196284,219.0025,219.0,219.0,219.02,218.97,1789154400000,2050
74235.92817,218.9801,219.0,219.0,219.01,218.94,1789154460000,2047
80532.190014,218.9831,219.0,218.945,219.02,218.9425,1789154520000,2079
163410.342008,218.9212,218.945,218.9214,218.975,218.88,1789154580000,3025
114978.352891,218.982,218.93,219.04,219.04,218.92,1789154640000,2243
96304.525688,219.0301,219.03,219.025,219.05,218.9901,1789154700000,1898
73711.032934,219.0442,219.025,219.0336,219.0799,219.02,1789154760000,2082
97499.949049,218.9287,219.0375,218.88,219.04,218.86,1789154820000,2229
304333.356406,218.7384,218.87,218.66,218.87,218.61,1789154880000,4922
327526.733048,218.5166,218.65,218.41,218.6673,218.36,1789154940000,6111
338600.243341,218.3335,218.42,218.285,218.45,218.23,1789155000000,5165
166241.276401,218.3622,218.29,218.402,218.4546,218.27,1789155060000,3241
153351.888084,218.3855,218.4146,218.33,218.44,218.3,1789155120000,3190
206036.481536,218.2928,218.32,218.2701,218.3599,218.25,1789155180000,3746
171295.190495,218.4138,218.27,218.47,218.49,218.27,1789155240000,3348
181621.010111,218.4409,218.46,218.4501,218.49,218.3801,1789155300000,3270
185499.677994,218.4846,218.45,218.53,218.53,218.43,1789155360000,2718
163272.122728,218.5049,218.525,218.478,218.55,218.46,1789155420000,2915
100157.745062,218.4653,218.486,218.48,218.5,218.4301,1789155480000,2331
121646.796318,218.4762,218.48,218.4701,218.5099,218.44,1789155540000,2445
381491.413159,218.6269,218.485,218.73,218.75,218.45,1789155600000,4498
223982.46,218.6827,218.735,218.735,218.755,218.41,1789155660000,3161
151433.280179,218.7205,218.74,218.79,218.8,218.6435,1789155720000,2890
155744.945825,218.7863,218.79,218.71,218.84,218.71,1789155780000,2768
139780.793734,218.7604,218.715,218.7658,218.8,218.71,1789155840000,2763
161198.847073,218.798,218.76,218.81,218.85,218.74,1789155900000,3078
123064.279729,218.7876,218.81,218.725,218.83,218.72,1789155960000,2991
155200.019214,218.7067,218.72,218.73,218.75,218.65,1789156020000,3337
134938.160711,218.6923,218.73,218.65,218.75,218.64,1789156080000,3336
152370.013924,218.6948,218.64,218.76,218.79,218.63,1789156140000,3016
421330.625474,218.5224,218.75,218.6,218.77,218.4,1789156200000,8036
274580.483083,218.5606,218.62,218.6,218.63,218.485,1789156260000,4690
217387.978313,218.5974,218.61,218.59,218.67,218.41,1789156320000,3881
293774.783462,218.6084,218.59,218.58,218.7,218.495,1789156380000,5413
328842.548143,218.7006,218.58,218.72,218.83,218.58,1789156440000,6255
420500.768709,218.611,218.69,218.75,218.76,218.45,1789156500000,7767
290982.910748,218.7072,218.75,218.665,218.79,218.6,1789156560000,4507
293339.417706,218.6507,218.665,218.6,218.72,218.58,1789156620000,4747
488169.265356,218.4915,218.59,218.38,218.62,218.36,1789156680000,6614
1262340.809717,218.2914,218.38,218.19,218.485,218.15,1789156740000,15979
